2, 2, 250,
2, 3, 1,
2, 4, 2
2, 5, 15
2, 6, 5
2, 7, 175
2, 8, 10
3, 9, 400,
3, 4, 4,
3, 10, 10,
3, 11, 200,
3, 13, 150,
3, 14, 5,
4, 19, 1400,
4, 20, 100,
4, 45, 50,
4, 21, 200,
4, 23, 20,
4, 24, 10,
4, 5, 50,
4, 25, 10,
4, 6, 15,
4, 14, 5,
5, 5, 100,
5, 2, 150,
5, 18, 10,
5, 17, 200,
5, 6, 5,
5, 4, 3,
5, 46, 5,
5, 16, 100,
6, 26, 1,
6, 27, 200,
6, 28, 150,
6, 29, 3,
6, 30, 2,
6, 31, 2,
6, 32, 200,
6, 33, 200,
6, 34, 200,
6, 35, 2,
6, 5, 15,
7, 39, 4,
7, 47, 500,
7, 45, 50,
7, 40, 200,
7, 6, 15,
7, 12, 10,
7, 48, 100,
7, 41, 250,
8, 38, 1000,
8, 8, 50,
8, 7, 200,
8, 6, 20,
9, 37, 500,
9, 10, 50,
9, 24, 25,
9, 6, 10,
9, 14, 5,
9, 12, 20,
9, 15, 5,
10, 42, 150,
10, 7, 100,
11, 43, 250,
11, 44, 1,
11, 8, 50,
11, 12, 10;